JourJ	Annee	Mois	Jour	Tmin	Tmax	ETP	RAD	Pluie
91	2003	4	1	9.7	18.8	2.34	12.69	2
92	2003	4	2	8.2	11.6	2.04	6.93	2.5
93	2003	4	3	4.2	10.7	3.52	13.4	0
94	2003	4	4	1.7	13.2	3.6	23.54	0
95	2003	4	5	-0.7	16.8	3.39	24.91	0
96	2003	4	6	6	18.4	4.55	24.76	0
97	2003	4	7	2.6	15.1	3.23	25.2	0
98	2003	4	8	3.1	15.5	3.88	24.87	0
99	2003	4	9	7.8	15.4	1.97	8.09	7
100	2003	4	10	5.3	13.3	2.82	16.55	0.5
101	2003	4	11	3.2	16.7	2.26	12.1	3.5
102	2003	4	12	2.8	17.8	2.56	17.43	0
103	2003	4	13	9.1	16.9	4.43	24.03	0
104	2003	4	14	12	18.1	6.48	20.23	0
105	2003	4	15	12.8	17.4	4.13	7.96	0
106	2003	4	16	10.7	21.2	4.96	24.11	0
107	2003	4	17	7	24.3	3.8	23.76	0
108	2003	4	18	10.8	25.8	4.34	24.29	0
109	2003	4	19	9.6	22.7	2.93	14.21	0.5
110	2003	4	20	10.4	14.4	1.42	6.47	1
111	2003	4	21	9.9	20.7	3.75	24.04	0
112	2003	4	22	5	22.8	4.29	26.87	0
113	2003	4	23	4.2	24.2	4.34	28.14	0
114	2003	4	24	9.4	25.9	4.45	25.06	0
115	2003	4	25	13.8	23	5.76	25.77	0
116	2003	4	26	14.2	18.4	2.34	8.04	3.5
117	2003	4	27	6.1	24.9	4.54	27.39	0
118	2003	4	28	12.8	23.7	5.82	22.15	0
119	2003	4	29	13.8	20.3	3.91	18.3	0
120	2003	4	30	13.8	19.2	2.5	7.68	0.5
121	2003	5	1	4.1	21.2	3.78	19.44	0
122	2003	5	2	13.4	23.9	4.69	17.17	0
123	2003	5	3	5.6	23.1	4.52	30.55	0
124	2003	5	4	7.6	24.7	6.3	26.73	0
125	2003	5	5	13.5	19.7	2.77	11.11	4
126	2003	5	6	10.2	11.9	1.09	5.26	2.5
127	2003	5	7	10.6	19.9	2.77	15.14	2.5
128	2003	5	8	12.7	19.1	2.72	13.65	0
129	2003	5	9	10.9	18.2	2.42	11.56	0
130	2003	5	10	9.5	18.8	3.94	23.9	0
131	2003	5	11	6.2	23.8	4.43	28.33	0.5
132	2003	5	12	13	22	4.42	24.03	0
133	2003	5	13	14.4	19.1	5.01	18.4	0
134	2003	5	14	8.9	17.3	3.7	18.09	0
135	2003	5	15	3.3	20	3.94	27.4	0
136	2003	5	16	8.4	24.1	4.88	24.79	6
137	2003	5	17	11.5	22.7	3.97	22.25	0
138	2003	5	18	13	28.1	5.33	28.35	0
139	2003	5	19	13.9	27.5	4.9	19.14	1.5
140	2003	5	20	9.7	19.5	3.9	18.82	0.5
141	2003	5	21	9.8	19.5	2.8	11.42	0
142	2003	5	22	8.9	25.6	5.15	30.34	0
143	2003	5	23	8.4	31.9	6.16	32.53	0
144	2003	5	24	11.1	18.4	1.92	6.51	11
145	2003	5	25	10.1	17.7	2.87	14.1	16.5
146	2003	5	26	8.9	13.9	1.16	4.97	3
147	2003	5	27	12.6	22.5	4.43	22.32	0
148	2003	5	28	9.6	28.7	5.4	30.84	0
149	2003	5	29	13.6	30.8	6.27	31.42	0
150	2003	5	30	14.7	32.3	6.11	31.27	0
151	2003	5	31	14.8	31.9	6.27	30.38	0
152	2003	6	1	17.9	30.5	4.78	20.43	10.5
153	2003	6	2	17.1	26.1	4.25	20.33	0
154	2003	6	3	17.8	27.4	5.37	21.64	0.5
155	2003	6	4	18.2	28.6	6.5	24.85	0
156	2003	6	5	16.7	21.8	1.9	7.55	4.5
157	2003	6	6	15.1	27.6	5.17	26.79	0.5
158	2003	6	7	13.9	28.8	6.11	31.87	0
159	2003	6	8	16.9	26.5	3.32	13.43	0
160	2003	6	9	14.7	30.3	5.62	25.76	0
161	2003	6	10	19.2	29.8	7.03	28.45	0
162	2003	6	11	18.5	31.1	7.26	30.81	0
163	2003	6	12	19.7	30.8	6.11	25.87	0
164	2003	6	13	19.7	34.6	6.43	28.52	0
165	2003	6	14	19.2	36.9	7.14	28.3	0
166	2003	6	15	20.3	32.2	6.02	25.67	0
167	2003	6	16	19.3	33.6	5.88	23.07	3
168	2003	6	17	18.5	26.9	4.57	18.29	0
169	2003	6	18	17.3	26.2	5.51	22.39	0
170	2003	6	19	15.4	30.3	6.88	32.93	0
171	2003	6	20	15.6	35.7	6.92	33.04	0
172	2003	6	21	15.7	38.8	7.17	32.7	0
173	2003	6	22	16.6	35.7	8.23	31.31	0
174	2003	6	23	20.4	31.4	5.45	21.41	0
175	2003	6	24	20.2	32.6	7.05	26.55	0
176	2003	6	25	19.8	30	5.34	22.1	0
177	2003	6	26	19.9	26	3.69	12.62	0
178	2003	6	27	19	25.1	4.63	16.46	0
179	2003	6	28	17.1	31.1	6.14	29.09	0
180	2003	6	29	16.7	32.9	7.69	31.32	0
181	2003	6	30	20.3	31.5	5.55	20.13	0
182	2003	7	1	18.7	26.4	7.42	29.88	0
183	2003	7	2	17.2	24.4	4.26	15.69	0
184	2003	7	3	16.1	23.7	5.43	23.39	2.5
185	2003	7	4	14.2	25.2	5.38	24.82	0
186	2003	7	5	12.2	27.2	5.92	31.53	0
187	2003	7	6	11.9	30.9	6.23	31.81	0
188	2003	7	7	16.5	31.1	6.59	30.28	0
189	2003	7	8	19.3	33.2	6.93	30.19	0
190	2003	7	9	19	31.1	6.27	24.63	0
191	2003	7	10	19.1	33	7.06	31.18	0
192	2003	7	11	17	34.2	7.08	31.5	0
193	2003	7	12	16.1	37.1	6.68	31.14	0
194	2003	7	13	17.6	37.4	7.5	29.24	0
195	2003	7	14	21	32.5	5.5	19.46	0
196	2003	7	15	22.7	31.6	7.9	28.47	0
197	2003	7	16	19.5	26.2	5.7	18.9	0
198	2003	7	17	17.1	28.5	6.3	30.14	0
199	2003	7	18	12.8	36.2	6.51	31.27	0
200	2003	7	19	15.4	34.8	6.77	30.34	0
201	2003	7	20	19.4	31.1	5.96	24.69	0
202	2003	7	21	21.2	28.6	4.35	13.54	0
203	2003	7	22	17.6	31.2	6.62	28.22	0
204	2003	7	23	21.1	30.7	6.53	25.76	0
205	2003	7	24	20	27.7	4.8	15.89	0
206	2003	7	25	15.2	34	6.32	27.99	0
207	2003	7	26	17.7	35.3	6.67	28.27	0
208	2003	7	27	21.8	26.3	3.9	10.13	0
209	2003	7	28	15.1	26.9	5.37	23.76	0
210	2003	7	29	14.7	29.1	6.15	29.15	0
211	2003	7	30	14.4	31.8	6.35	29.26	0
212	2003	7	31	17.8	28	7.1	29.73	0
213	2003	8	1	13	32.2	6.1	29.86	0
214	2003	8	2	15.6	35.8	6.22	29.54	0
215	2003	8	3	16.9	38.4	7.47	29.86	0
216	2003	8	4	20.3	40	7.93	29.24	0
217	2003	8	5	17.8	39.9	7.09	27.64	0
218	2003	8	6	20.3	38.7	6.65	26.61	0
219	2003	8	7	23.8	38.5	7.25	26.28	2
220	2003	8	8	19	37.3	6.3	26.36	0
221	2003	8	9	18.7	38.8	6.83	27.33	0
222	2003	8	10	19	39.4	6.77	27.78	0
223	2003	8	11	21.8	37.7	6.22	23.61	0
224	2003	8	12	22.6	40.4	6.84	26.4	0
225	2003	8	13	22.8	40.4	6.61	24.57	0
226	2003	8	14	23.7	32.4	4.88	15.28	0
227	2003	8	15	21.1	27.8	3.89	13.53	0
228	2003	8	16	19.6	33.3	4.88	18.16	5
229	2003	8	17	19	25.7	2.07	8.44	2.5
230	2003	8	18	18.4	32.6	5.67	25.96	0
231	2003	8	19	16.1	35.9	5.57	26	0
232	2003	8	20	20.9	29.6	5.71	22.65	0
233	2003	8	21	18.2	30.3	4.93	22.75	0
234	2003	8	22	17.2	32.7	4.81	21.31	0
235	2003	8	23	18.4	35.8	5.46	23.66	0
236	2003	8	24	19.9	33.4	4.78	18.33	5
237	2003	8	25	17.4	31.3	5.11	22.63	0
238	2003	8	26	19.4	31.1	4.94	21.29	0
239	2003	8	27	17.6	36.1	6.06	23.67	0.5
240	2003	8	28	19.9	30	3.29	11.44	0.5
