Jour	Annee	Mois	JourJ	Tmin	Tmax	ETP	RAD	Pluie
1	2014	4	91	12.0	18.2	4.3	19.44	0.0
2	2014	4	92	12.4	16.1	3.6	10.05	0.0
3	2014	4	93	10.9	14.4	0.8	2.09	19.0
4	2014	4	94	9.5	16.1	1.9	7.61	2.5
5	2014	4	95	4.1	19.0	2.6	19.72	0.0
6	2014	4	96	10.0	21.4	3.1	20.91	0.0
7	2014	4	97	8.9	24.7	3.9	20.87	2.5
8	2014	4	98	11.9	16.1	2.2	8.96	1.5
9	2014	4	99	5.0	20.2	3.2	23.6	0.0
10	2014	4	100	4.5	25.1	3.3	23.35	0.0
11	2014	4	101	10.2	22.0	3.3	18.82	0.0
12	2014	4	102	11.5	18.2	2.7	14.27	0.0
13	2014	4	103	11.5	20.8	3.5	18.5	0.0
14	2014	4	104	6.1	22.5	3.6	24.41	0.0
15	2014	4	105	5.6	23.3	3.8	24.99	0.0
16	2014	4	106	4.0	24.6	4.2	25.45	0.0
17	2014	4	107	10.1	23.8	5.0	25.01	0.0
18	2014	4	108	8.4	21.4	3.9	19.7	0.0
19	2014	4	109	10.6	18.2	4.0	20.43	1.0
20	2014	4	110	8.9	10.3	0.7	2.32	12.0
21	2014	4	111	8.2	18.7	2.9	18.49	5.0
22	2014	4	112	11.7	16.8	1.7	7.74	2.5
23	2014	4	113	6.2	22.8	3.6	22.42	0.0
24	2014	4	114	11.6	21.3	2.9	13.05	6.0
25	2014	4	115	9.8	16.1	2.8	14.03	3.5
26	2014	4	116	5.1	17.4	2.0	11.52	10.5
27	2014	4	117	8.3	15.7	3.4	18.3	2.0
28	2014	4	118	9.2	16.1	3.2	16.68	0.0
29	2014	4	119	8.2	18.6	2.5	13.7	1.5
30	2014	4	120	12.0	18.4	3.2	14.99	1.0
1	2014	5	121	11.6	17.5	2.8	11.46	8.0
2	2014	5	122	9.9	16.6	3.2	16.08	1.5
3	2014	5	123	11.7	16.3	3.6	14.22	0.0
4	2014	5	124	5.8	18.6	4.2	27.49	0.0
5	2014	5	125	4.8	22.4	4.8	27.83	0.0
6	2014	5	126	13.3	20.6	3.7	13.96	0.0
7	2014	5	127	12.9	20.2	2.3	10.02	0.0
8	2014	5	128	11.3	20.9	3.8	22.17	0.0
9	2014	5	129	11.9	20.0	2.4	10.06	0.0
10	2014	5	130	9.4	23.4	4.0	23.09	2.0
11	2014	5	131	13.3	18.6	3.4	13.67	4.0
12	2014	5	132	8.2	17.2	2.5	13	2.0
13	2014	5	133	8.3	16.9	3.6	19.28	1.0
14	2014	5	134	8.0	19.0	4.1	22.33	0.0
15	2014	5	135	5.1	20.6	4.7	29.53	0.0
16	2014	5	136	5.6	21.0	4.9	29.61	0.0
17	2014	5	137	9.2	22.0	4.5	26.53	0.0
18	2014	5	138	6.6	24.0	5.4	28.42	0.0
19	2014	5	139	13.5	23.0	6.5	25.41	0.0
20	2014	5	140	15.2	21.2	6.2	23.18	0.0
21	2014	5	141	16.0	21.9	5.1	18.2	0.5
22	2014	5	142	13.9	25.7	6.7	29.73	0.0
23	2014	5	143	8.5	20.3	3.2	13.33	2.5
24	2014	5	144	5.7	21.0	3.9	24.48	0.0
25	2014	5	145	12.4	22.8	4.5	23.94	9.5
26	2014	5	146	11.5	15.4	2.2	9.91	9.0
27	2014	5	147	9.4	19.7	3.6	20.43	0.5
28	2014	5	148	7.7	21.1	3.8	21.62	10.5
29	2014	5	149	11.6	20.2	2.9	12.01	0.0
30	2014	5	150	10.0	20.0	3.3	17.17	5.0
31	2014	5	151	12.6	21.2	3.4	14.36	7.5
1	2014	6	152	13.7	22.5	4.8	22.59	0.0
2	2014	6	153	13.2	22.7	4.2	18.38	0.0
3	2014	6	154	13.3	21.9	4.4	22.45	0.0
4	2014	6	155	12.4	18.5	2.7	11	0.5
5	2014	6	156	8.6	26.3	5.9	30.28	0.0
6	2014	6	157	15.5	23.9	6.4	23.57	0.0
7	2014	6	158	17.4	27.6	7.1	25.65	0.0
8	2014	6	159	17.2	29.7	7.2	28.93	0.0
9	2014	6	160	18.4	31.0	6.3	20.78	0.0
10	2014	6	161	16.9	25.5	4.2	18.01	0.0
11	2014	6	162	18.1	30.0	5.6	25.02	0.0
12	2014	6	163	17.9	31.8	6.2	28.01	0.0
13	2014	6	164	20.9	31.3	6.7	25.43	0.0
14	2014	6	165	17.8	26.9	7.2	27.81	0.0
15	2014	6	166	15.5	23.7	6.4	27.09	0.0
16	2014	6	167	15.7	25.7	5.4	21.97	0.0
17	2014	6	168	15.4	26.0	5.5	24.14	2.0
18	2014	6	169	13.6	25.6	5.2	24.99	0.0
19	2014	6	170	11.4	27.9	5.6	30.4	0.0
20	2014	6	171	12.2	31.8	5.9	30.47	0.0
21	2014	6	172	15.1	33.2	6.8	29.15	0.0
22	2014	6	173	19.2	30.5	6.4	24.45	0.0
23	2014	6	174	17.8	28.5	4.6	19.1	12.5
24	2014	6	175	17.1	26.0	4.6	19.52	57.5
25	2014	6	176	16.0	28.1	6.0	25.27	0.0
26	2014	6	177	17.3	26.0	4.5	17.54	0.0
27	2014	6	178	14.5	28.8	5.6	28.35	0.0
28	2014	6	179	17.7	32.3	6.3	24.95	5.5
29	2014	6	180	14.6	21.8	5.0	23.75	2.5
30	2014	6	181	12.4	24.8	5.1	28.21	0.0
1	2014	7	182	13.9	26.3	4.2	17.25	5.5
2	2014	7	183	16.8	24.9	2.9	12.85	1.0
3	2014	7	184	13.8	24.6	2.5	11.1	4.5
4	2014	7	185	16.6	24.2	3.8	16.74	3.0
5	2014	7	186	13.9	28.9	5.0	25.02	0.0
6	2014	7	187	18.6	27.9	4.9	17.6	18.0
7	2014	7	188	13.9	19.8	2.3	9.22	3.5
8	2014	7	189	13.8	22.6	4.1	18.01	0.5
9	2014	7	190	14.5	22.0	4.9	19.79	1.0
10	2014	7	191	15.1	22.4	4.9	18.03	0.0
11	2014	7	192	16.0	23.7	4.0	13.61	0.5
12	2014	7	193	15.1	22.6	4.1	18.96	1.5
13	2014	7	194	14.6	25.0	4.5	21.94	4.5
14	2014	7	195	16.7	25.6	4.8	21.47	0.5
15	2014	7	196	12.9	28.4	5.5	29.45	0.0
16	2014	7	197	14.1	33.1	5.9	29.44	0.0
17	2014	7	198	15.2	33.5	6.9	28.57	0.0
18	2014	7	199	17.8	30.7	6.5	25.02	0.0
19	2014	7	200	21.1	26.8	4.5	14.79	0.0
20	2014	7	201	18.6	24.2	4.3	16.9	6.5
21	2014	7	202	17.2	25.3	4.8	19.19	0.0
22	2014	7	203	15.2	26.3	5.3	25.57	0.0
23	2014	7	204	15.7	29.7	5.3	25.63	0.0
24	2014	7	205	18.2	30.4	5.3	23.75	9.0
25	2014	7	206	19.0	22.3	2.0	7.51	1.5
26	2014	7	207	14.3	27.9	4.4	21.88	0.0
27	2014	7	208	18.7	28.1	5.7	25.91	0.0
28	2014	7	209	17.1	25.6	3.5	13.06	7.0
29	2014	7	210	14.6	22.8	4.0	16.28	0.5
30	2014	7	211	16.5	25.7	4.3	18.59	0.0
31	2014	7	212	14.1	27.9	5.1	26.54	0.0
1	2014	8	213	14.4	28.5	3.9	18.84	10.0
2	2014	8	214	17.9	26.7	4.0	18.6	0.5
3	2014	8	215	15.1	28.4	4.6	23.42	3.0
4	2014	8	216	17.7	23.9	3.0	13.71	5.0
5	2014	8	217	17.5	26.4	5.3	26.15	0.0
6	2014	8	218	13.1	27.3	4.3	21.9	0.0
7	2014	8	219	17.4	28.4	3.7	16.61	0.0
8	2014	8	220	16.9	31.7	5.1	22.01	13.5
9	2014	8	221	17.1	26.9	4.0	17.81	0.0
10	2014	8	222	19.7	30.7	5.3	21.87	4.0
11	2014	8	223	18.2	23.0	3.7	14.85	0.0
12	2014	8	224	15.5	24.9	3.8	19.27	5.5
13	2014	8	225	16.2	22.6	4.5	20.09	0.5
14	2014	8	226	14.6	24.3	4.3	18.92	0.0
15	2014	8	227	14.2	21.7	3.2	14.45	2.0
16	2014	8	228	13.1	23.3	4.0	19.86	0.0
17	2014	8	229	9.9	26.2	4.3	26.11	0.0
18	2014	8	230	10.8	26.7	3.9	21.68	1.5
19	2014	8	231	16.8	22.2	2.9	10.4	0.0
20	2014	8	232	11.9	21.4	3.0	14.49	0.0
21	2014	8	233	12.3	24.2	4.0	21.93	0.0
22	2014	8	234	12.0	21.7	2.0	9.27	3.0
23	2014	8	235	14.7	23.4	4.1	20.13	0.0
24	2014	8	236	12.9	24.7	4.1	23.38	0.0
25	2014	8	237	14.4	30.0	4.5	21.75	0.0
26	2014	8	238	16.5	25.8	3.8	18.64	12.5
27	2014	8	239	18.4	26.5	3.5	15.71	1.0
28	2014	8	240	14.2	30.5	4.3	22.96	0.0
29	2014	8	241	17.9	23.1	2.3	8.52	0.5
30	2014	8	242	18.4	26.0	3.5	15.25	0.0
31	2014	8	243	15.6	26.6	4.7	23.21	0.0
1	2014	9	244	14.4	26.2	4.5	23.56	0.0
2	2014	9	245	11.4	26.7	4.1	23.47	0.0
3	2014	9	246	9.9	28.6	4.0	23.44	0.0
4	2014	9	247	12.7	27.0	3.1	15.83	2.0
5	2014	9	248	17.6	27.0	3.8	19.25	0.0
6	2014	9	249	13.2	29.0	3.5	18.81	2.0
7	2014	9	250	15.4	32.1	4.6	20.74	1.0
8	2014	9	251	18.7	25.9	2.9	12.76	0.0
9	2014	9	252	14.6	29.2	3.5	18.55	0.0
10	2014	9	253	14.6	30.4	3.9	21.1	0.0
11	2014	9	254	13.7	29.7	4.2	21.16	0.0
12	2014	9	255	14.4	27.5	4.1	21.21	0.5
13	2014	9	256	9.3	27.6	3.5	21.58	0.0
14	2014	9	257	10.1	28.2	2.9	15.02	0.0
15	2014	9	258	14.9	27.2	3.0	14.49	0.0
