"JourJ"	"Annee"	"Mois"	"Jour"	"Tmin"	"Tmax"	"ETP"	"RAD"	"Pluie"
1	2006	1	1	-1.2	1.5	0.1	1.9	1
2	2006	1	2	-0.2	6.9	0.1	1.6	2.5
3	2006	1	3	1.1	10.5	0.4	1	30
4	2006	1	4	-0.2	1.3	0	1	10
5	2006	1	5	0.4	9.4	0.1	5.9	0
6	2006	1	6	-0.1	4.9	0.2	4.1	0
7	2006	1	7	1.4	5.8	0.3	4.9	0.5
8	2006	1	8	-0.6	5.5	0	1.4	0.5
9	2006	1	9	0	8.1	0	2	2.5
10	2006	1	10	0.8	4.8	0.4	3.3	0
11	2006	1	11	-2	4.3	0.1	2.7	0
12	2006	1	12	-2.2	7.5	0.2	4.7	0
13	2006	1	13	-2.4	9.9	0.1	8.5	0
14	2006	1	14	4.6	11.7	0.6	8.4	0
15	2006	1	15	7.5	12.2	0.9	8.3	0
16	2006	1	16	8.3	13.8	1	8.2	0.5
17	2006	1	17	8.8	13	0.9	2.2	16
18	2006	1	18	7.6	11.8	0.5	3.9	0
19	2006	1	19	7.9	13.2	0.4	4.5	2
20	2006	1	20	8.1	12.6	0.1	0.8	0.5
21	2006	1	21	11.8	14.4	1.3	4.5	0
22	2006	1	22	12.3	15.2	1.2	5.5	0
23	2006	1	23	11.9	13.3	1.1	2	0
24	2006	1	24	11.2	13.2	0.5	2.2	3.5
25	2006	1	25	9.9	16	0.7	5.3	1
26	2006	1	26	4.5	10.2	0.3	4	0
27	2006	1	27	4.8	8.9	0.1	1.2	0.5
28	2006	1	28	2.4	4.2	0.3	1.2	0
29	2006	1	29	0.1	11.2	0.4	7.8	0
30	2006	1	30	-0.2	12.6	0.4	8.9	0
31	2006	1	31	-0.2	13.8	0.3	9	0
32	2006	2	1	5.2	11.4	0.2	2.5	0
33	2006	2	2	6.3	12	0.5	4.2	7.5
34	2006	2	3	6.2	8.4	0.3	1.9	1.5
35	2006	2	4	3.8	9.6	0.5	5.6	0
36	2006	2	5	0.4	12.7	0.4	4.2	1
37	2006	2	6	1.6	14.8	0.7	9.6	0
38	2006	2	7	5.1	15	1.9	11.3	0
39	2006	2	8	3.2	14.2	0.8	10.4	0
40	2006	2	9	3.3	14.3	0.8	8.2	0
41	2006	2	10	-2.7	15.1	0.7	11.9	0.5
42	2006	2	11	5.5	13.5	0.5	3.4	0.5
43	2006	2	12	8.5	16.3	0.7	5.7	0
44	2006	2	13	8	13.7	1.1	4.9	4
45	2006	2	14	8	17.1	1	6.1	15
46	2006	2	15	7.2	9.8	1.4	2.9	0
47	2006	2	16	-1.5	17.7	1	13	0
48	2006	2	17	5.1	14.3	1	9.2	0
49	2006	2	18	5.1	15.6	1.2	5.8	0
50	2006	2	19	5	14.4	1.1	12.1	0
51	2006	2	20	4.1	17.2	0.9	7.5	0.5
52	2006	2	21	6	17	1.2	10.4	0
53	2006	2	22	1.6	16.3	1.4	12.5	0
54	2006	2	23	9.3	13.1	1.2	4.5	0
55	2006	2	24	9.8	16.2	2.1	11.8	0
56	2006	2	25	10.4	17.5	2	12.4	0
57	2006	2	26	7.3	15.5	1.5	7	0
58	2006	2	27	6.2	15.8	1.7	14.2	0
59	2006	2	28	1.3	19.2	2.5	15	0
60	2006	3	1	6.4	15.2	1.5	8.8	0
61	2006	3	2	6.5	21.3	1.9	13.3	0
62	2006	3	3	4.3	21.8	1.5	12.8	0
63	2006	3	4	2.8	25.5	1.9	13.2	0
64	2006	3	5	7.7	14.9	1.1	6.8	0
65	2006	3	6	6.5	17.7	1.4	10.7	0
66	2006	3	7	4.6	17.5	1.5	14.8	0
67	2006	3	8	1.7	20.2	1.7	15.4	0
68	2006	3	9	1.2	21.1	2.4	15.8	0
69	2006	3	10	1.5	21.2	2.5	16.5	0
70	2006	3	11	0.6	23.6	2.2	15.8	0
71	2006	3	12	9.4	21.6	3	15.6	0
72	2006	3	13	2.1	21	2.1	15.4	0
73	2006	3	14	9.3	13.5	1.8	4.9	1.5
74	2006	3	15	9.4	17.2	2	9.9	0
75	2006	3	16	7.7	19.4	2.2	16.7	0
76	2006	3	17	2.8	24	2.2	17.3	0
77	2006	3	18	4.8	22.3	2.6	17.2	0
78	2006	3	19	10.1	15.5	3	8	0
79	2006	3	20	5.6	15.4	2.5	17.1	0
80	2006	3	21	-0.4	16.5	2	17.8	0
81	2006	3	22	0.1	18.8	2.2	18.1	0
82	2006	3	23	0.7	20.2	2.6	17.9	0
83	2006	3	24	9.1	12.9	1.5	4.7	9.5
84	2006	3	25	8.3	14.4	1.7	6.3	0
85	2006	3	26	2.4	17	2.1	17.8	0
86	2006	3	27	3.2	20.7	2.4	18.6	0
87	2006	3	28	5.8	17.1	1.7	8.4	0
88	2006	3	29	3.3	14.8	3.2	20.5	0
89	2006	3	30	0.4	16.9	2.5	20.3	0
90	2006	3	31	0.4	20.4	2.8	20.7	0
91	2006	4	1	2.4	21.7	2.8	20.3	0
92	2006	4	2	6.3	22	3	20.1	0
93	2006	4	3	5.3	22.2	3.7	20.3	0
94	2006	4	4	8.9	16.8	3.9	14.9	0
95	2006	4	5	5	18.8	3.5	21.5	0
96	2006	4	6	2.4	22.1	3.1	21.5	0
97	2006	4	7	3.3	23	4	19.8	0
98	2006	4	8	12	19.5	5.3	16.6	0
99	2006	4	9	10.2	18.1	4.9	21.9	0
100	2006	4	10	4.8	22.4	3.5	22.3	0
101	2006	4	11	3.7	24.1	3.7	21.5	0
102	2006	4	12	9.5	20.2	4.5	21	0
103	2006	4	13	1.2	19.6	3.3	23.1	0
104	2006	4	14	1.9	23.3	3.5	22.9	0
105	2006	4	15	4	23.5	3.8	22.6	0
106	2006	4	16	3.8	22.9	3.8	23.3	0
107	2006	4	17	2.7	17.4	4.2	22.5	0
108	2006	4	18	9.1	16.1	4.7	18.9	0
109	2006	4	19	10.5	14	1.3	4.8	7.5
110	2006	4	20	8.4	19.6	3	15.2	0
111	2006	4	21	0.1	16.5	4.1	24.9	0
112	2006	4	22	4.1	17.2	4.6	24.3	0
113	2006	4	23	0.3	18.6	3.3	23.3	0
114	2006	4	24	0.4	23.3	4.2	24.4	0
115	2006	4	25	11.4	23.7	4.9	22.1	0
116	2006	4	26	10.2	24.9	3.1	14.4	12
117	2006	4	27	11.5	19.4	3.6	15.4	2
118	2006	4	28	11.7	18.5	1.4	6.1	7.5
119	2006	4	29	12.4	18.8	4.2	16.7	0
120	2006	4	30	9.2	19.9	3.8	20.5	0
121	2006	5	1	4.8	24.4	4	25.5	0
122	2006	5	2	11.4	25.2	6.3	25.6	0
123	2006	5	3	9.4	26.8	3.7	18.2	0.5
124	2006	5	4	13.3	29.2	4.5	20.4	15.5
125	2006	5	5	14.5	22.9	4	18.7	7
126	2006	5	6	8.4	14.5	3.1	13.6	1.5
127	2006	5	7	4.7	14.2	2.2	11.3	9
128	2006	5	8	3.6	13.4	2.7	16.7	0
129	2006	5	9	7.4	18.3	2.9	15.4	0
130	2006	5	10	8.1	21.5	4.3	23.1	0
131	2006	5	11	12.7	21.1	4.4	20.5	26.5
132	2006	5	12	11.1	17.7	1.8	9.2	0
133	2006	5	13	13.9	19.8	3.2	13.5	0
134	2006	5	14	13.7	20.5	2.3	10.9	0
135	2006	5	15	13	24	3.3	15.8	0.5
136	2006	5	16	11.6	23.2	4.4	21.1	0
137	2006	5	17	13.5	22.3	2.4	9.4	6
138	2006	5	18	10	23.4	4.5	25.1	5
139	2006	5	19	14.4	23.7	3.9	16.3	1
140	2006	5	20	13.7	22.2	3.7	17.6	4.5
141	2006	5	21	12.4	20.5	3.7	17.9	1.5
142	2006	5	22	9.6	21.5	4.1	24.5	0
143	2006	5	23	9.8	25.6	4.9	23.2	0
144	2006	5	24	16.6	23.4	4.9	18.3	0
145	2006	5	25	14.8	22.9	4.5	14.4	0
146	2006	5	26	14.8	28.3	6.4	25.4	0
147	2006	5	27	12.5	30.8	5.2	25.8	0
148	2006	5	28	16.8	30.7	5.6	23.8	0
149	2006	5	29	15.6	26.9	6.6	24.3	0
150	2006	5	30	10.6	29.6	5.4	25.5	0
151	2006	5	31	14.6	26.2	4.6	17.5	7
152	2006	6	1	14	18.8	1.6	6.7	9
153	2006	6	2	12.6	23.3	3.7	19	0.5
154	2006	6	3	15.6	24.7	4.1	19.9	0
155	2006	6	4	11.6	22.6	2.8	10.9	2
156	2006	6	5	16.2	24.8	4.4	18.2	0
157	2006	6	6	15.6	27.2	6.4	27	0
158	2006	6	7	17	25.5	4.9	19.6	1
159	2006	6	8	13.8	27.1	4.6	21.8	0
160	2006	6	9	13.3	29.6	5.5	23.1	0
161	2006	6	10	18	26.5	5	14.1	0
162	2006	6	11	18.2	29.7	5.6	21.6	0
163	2006	6	12	16.4	31.5	5.1	22.4	0
164	2006	6	13	18.8	31.8	5.2	19.1	12.5
165	2006	6	14	15.6	24	2.8	11.5	5
166	2006	6	15	12.4	28.4	5.2	27	1
167	2006	6	16	17.6	23.4	3.2	12.7	0
168	2006	6	17	14.2	22.1	3.4	15.2	0
169	2006	6	18	15.6	24.1	4.3	17.6	0
170	2006	6	19	15.1	23.9	5	18.4	0
171	2006	6	20	10.9	25.5	5	26.5	0
172	2006	6	21	14.6	22.7	2.4	8.9	10.5
173	2006	6	22	12.6	20.5	4.7	22.1	0
174	2006	6	23	12.4	19.9	3.3	13.8	0
175	2006	6	24	12.6	22.7	4.2	20.3	0
176	2006	6	25	9	25.1	4.1	21.7	0
177	2006	6	26	16.9	22	3.2	7.5	0
178	2006	6	27	12.2	21.1	4.7	20.4	0
179	2006	6	28	7.6	18.5	1.8	9.1	19.5
180	2006	6	29	10.6	15.4	1.8	8.3	4
181	2006	6	30	10.9	20.6	3.3	16.1	0
182	2006	7	1	13.1	24.6	4.4	21.7	0.5
183	2006	7	2	14.1	22.8	2.6	9.8	2
184	2006	7	3	12.3	21.6	3.8	19.6	0
185	2006	7	4	11.6	21.7	3.2	15.5	2
186	2006	7	5	13.1	20.6	3.2	13.1	0.5
187	2006	7	6	12.6	23.9	4.8	22.9	0
188	2006	7	7	9.5	26.3	4.8	26.4	0
189	2006	7	8	10.4	28.7	5.1	27.4	0
190	2006	7	9	11.3	27.7	3.1	13.6	0.5
191	2006	7	10	16.1	25.4	2.9	12.1	12.5
192	2006	7	11	16.3	22.9	2.9	11.5	0.5
193	2006	7	12	12	28.6	4.8	25.5	0
194	2006	7	13	13.7	30.7	5	24	0
195	2006	7	14	17.9	28.5	5.2	23.5	0
196	2006	7	15	18.6	29.2	4.7	20.7	0
197	2006	7	16	17.2	29.6	4	14.6	1
198	2006	7	17	17.6	19.6	1	3.4	2.5
199	2006	7	18	15.6	24.7	5	19.3	0.5
200	2006	7	19	12.6	24.8	4.4	20.2	0
201	2006	7	20	10.6	28.2	4.7	25.1	0
202	2006	7	21	11.4	29.8	4.8	24.8	0
203	2006	7	22	15.7	30.2	5.4	20.7	0
204	2006	7	23	17.6	29.7	5.4	23.4	5
205	2006	7	24	18.6	24	2.4	8.1	0
206	2006	7	25	16.8	25.2	4.1	15.5	0
207	2006	7	26	17.9	25.8	3.2	11.9	0
208	2006	7	27	16.5	28	3.9	17.7	0
209	2006	7	28	14.6	31.5	5.1	24.8	0
210	2006	7	29	19.1	31.6	5.3	23.5	0
211	2006	7	30	18.5	29.8	4.6	19.3	0
212	2006	7	31	18.8	28.2	5.5	23.3	0
213	2006	8	1	17.5	28.1	5.9	25	0
214	2006	8	2	15	30.9	5.2	24.7	0
215	2006	8	3	15.4	36.8	5.9	24.6	0
216	2006	8	4	19.9	29.7	5	18.7	1.5
217	2006	8	5	19.8	27.9	2	6.5	6
218	2006	8	6	18.8	28.7	3.6	15.9	0.5
219	2006	8	7	18.7	30.2	4.4	17.7	6
220	2006	8	8	18.9	30.3	4.6	19.1	0
221	2006	8	9	17.4	34.7	5.4	23	0
222	2006	8	10	18.3	34.1	5.7	18.8	34.5
223	2006	8	11	18.5	20.8	0.7	3.7	28.5
224	2006	8	12	16.6	29.9	4.7	23.2	0
225	2006	8	13	15.5	30.6	4.4	22.1	0
226	2006	8	14	17.6	33.6	4.8	22.7	0
227	2006	8	15	19.5	30.8	3	12.6	0
228	2006	8	16	21.1	28.1	3	11.7	1
229	2006	8	17	19.8	30.2	3.9	17	0
230	2006	8	18	19.9	31	4.2	18.2	0
231	2006	8	19	18.7	31.8	4.2	19	0
232	2006	8	20	16.9	33	4.5	21.1	0
233	2006	8	21	21.3	29.6	3.2	12.7	7
234	2006	8	22	17.8	32.8	4.5	21.4	0
235	2006	8	23	19.9	32	5.3	21.5	0
236	2006	8	24	16.6	31.3	5	21.8	0
237	2006	8	25	19.1	26.5	2.2	8.1	24.5
238	2006	8	26	17.7	26.1	2.6	12	3
239	2006	8	27	18.6	27.7	2.8	9	12
240	2006	8	28	14.4	21.5	3.2	14.1	1.5
241	2006	8	29	13.4	24.3	3.5	17.6	0
242	2006	8	30	11.8	29.1	3.8	21.7	0
243	2006	8	31	13.8	31.4	4.3	20.4	0
244	2006	9	1	18.1	21.3	0.6	2.4	5.5
245	2006	9	2	14.9	21.9	3.1	15.8	0
246	2006	9	3	12	26.6	3.4	20.7	0
247	2006	9	4	12.2	28.7	3.5	19.9	0
248	2006	9	5	13.5	30.2	3.8	20.3	0
249	2006	9	6	17.5	24.2	1.8	7.7	0
250	2006	9	7	19.4	27.2	3.6	14.7	0
251	2006	9	8	13	26.8	3.7	20.2	0
252	2006	9	9	11.4	27.8	3.4	19.4	0
253	2006	9	10	11.5	29.3	3.5	19.8	0
254	2006	9	11	12.1	29.6	4.1	19.7	0
255	2006	9	12	18.7	28.1	3	10.3	0
256	2006	9	13	15.7	19.1	1.7	5	0.5
257	2006	9	14	7.2	21.4	2.9	19.4	0
258	2006	9	15	5.4	26	2.9	19.8	0
259	2006	9	16	12.6	26.7	3.5	17	0
260	2006	9	17	15	27.2	4.4	18.9	0
261	2006	9	18	8.3	29.3	3.5	19.2	0
262	2006	9	19	6.5	30.7	3.1	18.5	0
263	2006	9	20	10.7	26.4	2.1	11.8	0
264	2006	9	21	12.5	25	1.9	10.8	0
265	2006	9	22	12.4	27.3	2.6	14.9	0
266	2006	9	23	11.8	28.5	3	15.9	0
267	2006	9	24	9.7	29.2	2.9	16.8	0
268	2006	9	25	9.7	27.2	2.7	14.3	0
269	2006	9	26	8.2	28.5	2.9	16.6	0
270	2006	9	27	10.1	28.5	3	16.4	0
271	2006	9	28	9.4	27.7	2.5	15	0
272	2006	9	29	11.7	28.1	2.6	15.3	0
273	2006	9	30	11.3	30.4	2.7	14.6	0
274	2006	10	1	9.8	30.6	2.7	15.4	0
275	2006	10	2	9.4	28.9	2.8	15.5	0
276	2006	10	3	14.7	26.7	2.7	14.5	0
277	2006	10	4	11.5	27.6	2.5	15.2	0
278	2006	10	5	10.9	26.9	2.5	14.3	0
279	2006	10	6	18	26.6	2.4	7.7	5.5
280	2006	10	7	13	25.5	1.7	10.7	0
281	2006	10	8	14.6	27.4	2.5	13.7	0
282	2006	10	9	15.6	28.3	2.6	13.8	0
283	2006	10	10	14.1	26	1.7	5.9	21.5
284	2006	10	11	17.5	23.8	1.5	6.4	18
285	2006	10	12	13.8	18.7	2.1	7.9	1.5
286	2006	10	13	10.9	14.9	1.7	6	0.5
287	2006	10	14	9.6	14.5	2	10.4	0
288	2006	10	15	6.4	15.7	1.2	6.2	1.5
289	2006	10	16	12.6	18	1.3	6.7	0
290	2006	10	17	7	20	1.4	13.3	0.5
291	2006	10	18	16.6	23.5	3	13.2	0
292	2006	10	19	17.1	22	2.3	8.9	0
293	2006	10	20	17.4	22.9	1.9	7.3	0
294	2006	10	21	16.6	25.2	1.6	8.6	2.5
295	2006	10	22	13	20.2	0.6	4	1
296	2006	10	23	15.5	17.7	0.4	2.3	0.5
297	2006	10	24	14.1	17.6	1.3	8.4	0.5
298	2006	10	25	6	19.3	1	9.6	0
299	2006	10	26	3.7	19.6	1.1	12.2	0
300	2006	10	27	1.5	21.6	1.1	12	0
301	2006	10	28	6.2	18.6	1.3	11.2	0
302	2006	10	29	6.8	13.2	1.1	6.8	0
303	2006	10	30	0.8	12.9	0.9	8.2	1
304	2006	10	31	-1.9	12.8	0.6	9.7	0
305	2006	11	1	-2.5	15.1	0.6	10.3	0
306	2006	11	2	-2.1	13.9	0.4	4.9	0
307	2006	11	3	4.7	19.8	0.6	10.3	0
308	2006	11	4	14.2	20	0.9	4.3	9
309	2006	11	5	11.2	17.4	0.7	4.1	0
310	2006	11	6	11.8	20.6	1.3	3.4	9.5
311	2006	11	7	6	16.4	0.7	8.7	1
312	2006	11	8	11	18.1	1.3	7.8	5.5
313	2006	11	9	10.2	17.6	1.1	10.2	0
314	2006	11	10	5.1	12.6	0.4	5.2	2
315	2006	11	11	6.7	15.2	0.8	3.9	6.5
316	2006	11	12	5.1	11	0.6	4.9	2.5
317	2006	11	13	4.8	15	0.5	8.2	0
318	2006	11	14	5.5	13.5	0.4	4.7	0
319	2006	11	15	3.5	16.8	0.4	8.6	0
320	2006	11	16	3.1	18.9	0.4	8.2	0.5
321	2006	11	17	4.7	17.1	0.4	6.5	0
322	2006	11	18	12.4	15.3	0.7	2.8	7
323	2006	11	19	11.8	15.1	0.5	3.4	0
324	2006	11	20	5.4	12.3	0.3	2.3	2
325	2006	11	21	3.8	15.4	0.4	5.2	0
326	2006	11	22	3.3	10.8	0.1	2.4	4
327	2006	11	23	4.2	11.3	0.1	7.7	0
328	2006	11	24	0.3	12.2	0.2	3	0
329	2006	11	25	3.6	15.6	0.3	5.7	0.5
330	2006	11	26	10.9	14.3	0.6	2.9	1
331	2006	11	27	9.9	14.7	0.4	4	1.5
332	2006	11	28	4.9	12.7	0	1.5	4
333	2006	11	29	6.2	13.4	0.2	3.6	6.5
334	2006	11	30	8.1	12.5	0.5	5.3	1
335	2006	12	1	8.8	13.1	0.4	5	2.5
336	2006	12	2	6.4	12.7	1.1	2.8	7
337	2006	12	3	1.8	6.5	0.4	7.1	0
338	2006	12	4	-1.1	3	0.2	4.8	0
339	2006	12	5	-1.7	4.8	0.2	3.7	0
340	2006	12	6	-2.4	2.6	0.1	2.4	0
341	2006	12	7	-2.6	7.6	0.2	4.9	0
342	2006	12	8	-0.5	14.5	0.1	5.9	2.5
343	2006	12	9	3.9	14.8	0.1	6.1	0
344	2006	12	10	4	14.5	0.3	2.3	5
345	2006	12	11	9.8	20.1	0.3	5.6	3.5
346	2006	12	12	7.9	12.3	0.4	4.1	3.5
347	2006	12	13	4.4	9.8	0.2	6.5	0
348	2006	12	14	-2.3	8.6	0.1	4.3	0
349	2006	12	15	-0.4	7.5	0	6.9	0.5
350	2006	12	16	-1.4	12.4	0	1.3	0.5
351	2006	12	17	9	15.1	0.4	2.6	0
352	2006	12	18	13.2	14.9	0.8	1.1	6
353	2006	12	19	7.8	13.3	0.2	4.6	0
354	2006	12	20	5.8	12.5	0.3	4.2	3.5
355	2006	12	21	7.9	11.4	0.7	2.7	2
356	2006	12	22	0.5	11.8	0	4	6
357	2006	12	23	9.3	13.5	0.4	3.4	0
358	2006	12	24	2.7	14.7	0	6	0
359	2006	12	25	7.4	16.5	0.3	6.2	3
360	2006	12	26	8.4	11.1	0.5	2.5	16.5
361	2006	12	27	6	9.4	0.4	3.3	0.5
362	2006	12	28	7	14.1	0.5	5	0
363	2006	12	29	-0.6	10.7	0	7.3	0.5
364	2006	12	30	5.2	11.6	0	6.1	0
365	2006	12	31	6.5	11.5	0.1	1.6	8
