Jour	Annee	Mois	JourJ	Tmin	Tmax	ETP	RAD	Pluie
1	2014	1	1	4.4	11.2	0.4	5.06	0.0
2	2014	1	2	9.0	14.9	0.9	4.61	0.5
3	2014	1	3	9.6	13.9	0.8	2.09	3.0
4	2014	1	4	6.5	13.9	0.7	4.19	10.5
5	2014	1	5	5.1	12.3	0.6	4.89	0.0
6	2014	1	6	6.7	13.5	0.6	6.75	0.0
7	2014	1	7	10.3	14.0	0.9	4.42	0.0
8	2014	1	8	11.1	14.3	1.2	5.28	0.0
9	2014	1	9	10.8	13.8	1.3	4.8	0.0
10	2014	1	10	3.4	13.3	0.4	4.85	0.0
11	2014	1	11	8.2	12.9	0.7	2.27	0.0
12	2014	1	12	8.3	14.3	0.6	7.49	0.5
13	2014	1	13	8.2	10.1	0.4	1.48	4.5
14	2014	1	14	0.9	9.0	0.2	2.56	2.5
15	2014	1	15	2.3	9.5	0.3	2.93	0.5
16	2014	1	16	5.2	10.5	0.5	3.36	0.0
17	2014	1	17	0.7	12.8	0.3	7.63	0.0
18	2014	1	18	1.0	12.5	0.5	3.68	0.5
19	2014	1	19	2.8	8.2	0.3	2.31	1.0
20	2014	1	20	4.9	8.4	0.8	4.9	1.5
21	2014	1	21	3.1	10.5	0.5	7.62	0.0
22	2014	1	22	-1.0	8.9	0.2	1.93	8.0
23	2014	1	23	6.5	10.3	0.8	4.18	9.5
24	2014	1	24	7.8	11.8	0.5	1.62	30.5
25	2014	1	25	10.5	12.6	0.7	2.43	4.5
26	2014	1	26	10.0	13.8	0.9	5.03	2.5
27	2014	1	27	5.1	8.5	0.9	3.89	8.5
28	2014	1	28	3.8	12.5	1.1	7.87	3.5
29	2014	1	29	4.8	12.6	0.8	8.54	0.0
30	2014	1	30	3.3	9.3	0.7	6.48	1.0
31	2014	1	31	0.4	9.1	0.3	3.38	0.5
1	2014	2	32	4.5	8.2	0.6	1.6	10.5
2	2014	2	33	3.4	9.8	0.9	6.62	0.5
3	2014	2	34	-0.8	10.5	0.6	8.32	6.0
4	2014	2	35	1.6	11.9	0.8	10.46	0.5
5	2014	2	36	6.6	11.7	1.5	6.32	6.5
6	2014	2	37	2.2	12.4	1.0	9.11	0.5
7	2014	2	38	8.1	13.1	1.5	9.23	0.0
8	2014	2	39	4.4	12.6	1.3	4.66	2.0
9	2014	2	40	3.2	11.3	1.3	8.32	0.0
10	2014	2	41	6.6	10.7	1.5	3.44	7.5
11	2014	2	42	4.5	9.3	0.9	5.2	4.5
12	2014	2	43	3.9	12.2	1.1	10.41	0.0
13	2014	2	44	5.0	14.1	1.4	5.83	1.5
14	2014	2	45	6.7	13.5	1.6	7.34	0.0
15	2014	2	46	8.6	12.3	0.8	3.01	5.0
16	2014	2	47	5.9	9.8	0.7	4.06	0.5
17	2014	2	48	0.6	13.4	1.1	12.63	0.0
18	2014	2	49	4.7	13.1	0.9	6.02	0.0
19	2014	2	50	6.5	12.9	1.1	8.75	1.5
20	2014	2	51	4.2	14.4	0.8	8.01	3.0
21	2014	2	52	5.7	9.9	1.0	5.54	5.0
22	2014	2	53	0.2	15.0	1.3	13.45	0.0
23	2014	2	54	1.4	15.8	1.7	14.56	0.0
24	2014	2	55	9.7	15.9	2.8	14.32	0.0
25	2014	2	56	8.5	15.3	2.0	9.69	8.0
26	2014	2	57	4.7	9.7	1.4	8.72	0.5
27	2014	2	58	2.0	12.4	1.0	5.36	2.0
28	2014	2	59	4.9	9.9	1.4	7.32	11.0
1	2014	3	60	4.6	11.0	1.5	11.07	0.0
2	2014	3	61	-0.1	13.5	1.2	12.84	11.0
3	2014	3	62	5.8	10.0	1.8	9.49	8.0
4	2014	3	63	5.0	11.9	2.0	10.6	3.0
5	2014	3	64	6.0	14.2	1.9	14.27	0.0
6	2014	3	65	2.2	14.8	1.7	16.23	0.0
7	2014	3	66	-0.2	16.7	1.6	16.74	0.0
8	2014	3	67	-0.2	19.5	2.4	17.2	0.5
9	2014	3	68	9.9	19.2	4.3	17.68	0.0
10	2014	3	69	0.6	19.3	2.2	17.3	0.0
11	2014	3	70	6.6	15.8	2.0	15.13	0.0
12	2014	3	71	3.1	17.4	2.6	17.19	0.0
13	2014	3	72	2.4	18.6	2.5	18.21	0.0
14	2014	3	73	1.8	20.4	2.1	17	0.0
15	2014	3	74	8.9	14.8	2.3	11.32	0.0
16	2014	3	75	8.1	17.4	2.8	17.16	0.0
17	2014	3	76	3.5	23.5	2.4	18.58	0.0
18	2014	3	77	5.9	13.1	0.9	4.48	0.0
19	2014	3	78	9.4	16.1	2.4	15.52	0.0
20	2014	3	79	3.9	18.2	2.7	18.12	0.0
21	2014	3	80	10.0	16.7	3.1	12.21	0.0
22	2014	3	81	7.5	10.6	0.9	3.34	11.0
23	2014	3	82	3.7	9.8	2.0	12.32	2.5
24	2014	3	83	3.5	13.1	1.8	12.82	9.5
25	2014	3	84	7.1	10.3	1.9	7.9	4.0
26	2014	3	85	5.0	11.9	1.7	8.13	0.0
27	2014	3	86	3.0	13.4	2.2	15.82	0.5
28	2014	3	87	2.0	17.2	3.3	19.33	0.0
29	2014	3	88	10.8	16.6	5.0	10.67	0.0
30	2014	3	89	12.0	16.4	3.3	6.95	0.0
31	2014	3	90	11.9	18.1	3.4	15.87	0.0
1	2014	4	91	12.0	18.2	4.3	19.44	0.0
2	2014	4	92	12.4	16.1	3.6	10.05	0.0
3	2014	4	93	10.9	14.4	0.8	2.09	19.0
4	2014	4	94	9.5	16.1	1.9	7.61	2.5
5	2014	4	95	4.1	19.0	2.6	19.72	0.0
6	2014	4	96	10.0	21.4	3.1	20.91	0.0
7	2014	4	97	8.9	24.7	3.9	20.87	2.5
8	2014	4	98	11.9	16.1	2.2	8.96	1.5
9	2014	4	99	5.0	20.2	3.2	23.6	0.0
10	2014	4	100	4.5	25.1	3.3	23.35	0.0
11	2014	4	101	10.2	22.0	3.3	18.82	0.0
12	2014	4	102	11.5	18.2	2.7	14.27	0.0
13	2014	4	103	11.5	20.8	3.5	18.5	0.0
14	2014	4	104	6.1	22.5	3.6	24.41	0.0
15	2014	4	105	5.6	23.3	3.8	24.99	0.0
16	2014	4	106	4.0	24.6	4.2	25.45	0.0
17	2014	4	107	10.1	23.8	5.0	25.01	0.0
18	2014	4	108	8.4	21.4	3.9	19.7	0.0
19	2014	4	109	10.6	18.2	4.0	20.43	1.0
20	2014	4	110	8.9	10.3	0.7	2.32	12.0
21	2014	4	111	8.2	18.7	2.9	18.49	5.0
22	2014	4	112	11.7	16.8	1.7	7.74	2.5
23	2014	4	113	6.2	22.8	3.6	22.42	0.0
24	2014	4	114	11.6	21.3	2.9	13.05	6.0
25	2014	4	115	9.8	16.1	2.8	14.03	3.5
26	2014	4	116	5.1	17.4	2.0	11.52	10.5
27	2014	4	117	8.3	15.7	3.4	18.3	2.0
28	2014	4	118	9.2	16.1	3.2	16.68	0.0
29	2014	4	119	8.2	18.6	2.5	13.7	1.5
30	2014	4	120	12.0	18.4	3.2	14.99	1.0
1	2014	5	121	11.6	17.5	2.8	11.46	8.0
2	2014	5	122	9.9	16.6	3.2	16.08	1.5
3	2014	5	123	11.7	16.3	3.6	14.22	0.0
4	2014	5	124	5.8	18.6	4.2	27.49	0.0
5	2014	5	125	4.8	22.4	4.8	27.83	0.0
6	2014	5	126	13.3	20.6	3.7	13.96	0.0
7	2014	5	127	12.9	20.2	2.3	10.02	0.0
8	2014	5	128	11.3	20.9	3.8	22.17	0.0
9	2014	5	129	11.9	20.0	2.4	10.06	0.0
10	2014	5	130	9.4	23.4	4.0	23.09	2.0
11	2014	5	131	13.3	18.6	3.4	13.67	4.0
12	2014	5	132	8.2	17.2	2.5	13	2.0
13	2014	5	133	8.3	16.9	3.6	19.28	1.0
14	2014	5	134	8.0	19.0	4.1	22.33	0.0
15	2014	5	135	5.1	20.6	4.7	29.53	0.0
16	2014	5	136	5.6	21.0	4.9	29.61	0.0
17	2014	5	137	9.2	22.0	4.5	26.53	0.0
18	2014	5	138	6.6	24.0	5.4	28.42	0.0
19	2014	5	139	13.5	23.0	6.5	25.41	0.0
20	2014	5	140	15.2	21.2	6.2	23.18	0.0
21	2014	5	141	16.0	21.9	5.1	18.2	0.5
22	2014	5	142	13.9	25.7	6.7	29.73	0.0
23	2014	5	143	8.5	20.3	3.2	13.33	2.5
24	2014	5	144	5.7	21.0	3.9	24.48	0.0
25	2014	5	145	12.4	22.8	4.5	23.94	9.5
26	2014	5	146	11.5	15.4	2.2	9.91	9.0
27	2014	5	147	9.4	19.7	3.6	20.43	0.5
28	2014	5	148	7.7	21.1	3.8	21.62	10.5
29	2014	5	149	11.6	20.2	2.9	12.01	0.0
30	2014	5	150	10.0	20.0	3.3	17.17	5.0
31	2014	5	151	12.6	21.2	3.4	14.36	7.5
1	2014	6	152	13.7	22.5	4.8	22.59	0.0
2	2014	6	153	13.2	22.7	4.2	18.38	0.0
3	2014	6	154	13.3	21.9	4.4	22.45	0.0
4	2014	6	155	12.4	18.5	2.7	11	0.5
5	2014	6	156	8.6	26.3	5.9	30.28	0.0
6	2014	6	157	15.5	23.9	6.4	23.57	0.0
7	2014	6	158	17.4	27.6	7.1	25.65	0.0
8	2014	6	159	17.2	29.7	7.2	28.93	0.0
9	2014	6	160	18.4	31.0	6.3	20.78	0.0
10	2014	6	161	16.9	25.5	4.2	18.01	0.0
11	2014	6	162	18.1	30.0	5.6	25.02	0.0
12	2014	6	163	17.9	31.8	6.2	28.01	0.0
13	2014	6	164	20.9	31.3	6.7	25.43	0.0
14	2014	6	165	17.8	26.9	7.2	27.81	0.0
15	2014	6	166	15.5	23.7	6.4	27.09	0.0
16	2014	6	167	15.7	25.7	5.4	21.97	0.0
17	2014	6	168	15.4	26.0	5.5	24.14	2.0
18	2014	6	169	13.6	25.6	5.2	24.99	0.0
19	2014	6	170	11.4	27.9	5.6	30.4	0.0
20	2014	6	171	12.2	31.8	5.9	30.47	0.0
21	2014	6	172	15.1	33.2	6.8	29.15	0.0
22	2014	6	173	19.2	30.5	6.4	24.45	0.0
23	2014	6	174	17.8	28.5	4.6	19.1	12.5
24	2014	6	175	17.1	26.0	4.6	19.52	57.5
25	2014	6	176	16.0	28.1	6.0	25.27	0.0
26	2014	6	177	17.3	26.0	4.5	17.54	0.0
27	2014	6	178	14.5	28.8	5.6	28.35	0.0
28	2014	6	179	17.7	32.3	6.3	24.95	5.5
29	2014	6	180	14.6	21.8	5.0	23.75	2.5
30	2014	6	181	12.4	24.8	5.1	28.21	0.0
1	2014	7	182	13.9	26.3	4.2	17.25	5.5
2	2014	7	183	16.8	24.9	2.9	12.85	1.0
3	2014	7	184	13.8	24.6	2.5	11.1	4.5
4	2014	7	185	16.6	24.2	3.8	16.74	3.0
5	2014	7	186	13.9	28.9	5.0	25.02	0.0
6	2014	7	187	18.6	27.9	4.9	17.6	18.0
7	2014	7	188	13.9	19.8	2.3	9.22	3.5
8	2014	7	189	13.8	22.6	4.1	18.01	0.5
9	2014	7	190	14.5	22.0	4.9	19.79	1.0
10	2014	7	191	15.1	22.4	4.9	18.03	0.0
11	2014	7	192	16.0	23.7	4.0	13.61	0.5
12	2014	7	193	15.1	22.6	4.1	18.96	1.5
13	2014	7	194	14.6	25.0	4.5	21.94	4.5
14	2014	7	195	16.7	25.6	4.8	21.47	0.5
15	2014	7	196	12.9	28.4	5.5	29.45	0.0
16	2014	7	197	14.1	33.1	5.9	29.44	0.0
17	2014	7	198	15.2	33.5	6.9	28.57	0.0
18	2014	7	199	17.8	30.7	6.5	25.02	0.0
19	2014	7	200	21.1	26.8	4.5	14.79	0.0
20	2014	7	201	18.6	24.2	4.3	16.9	6.5
21	2014	7	202	17.2	25.3	4.8	19.19	0.0
22	2014	7	203	15.2	26.3	5.3	25.57	0.0
23	2014	7	204	15.7	29.7	5.3	25.63	0.0
24	2014	7	205	18.2	30.4	5.3	23.75	9.0
25	2014	7	206	19.0	22.3	2.0	7.51	1.5
26	2014	7	207	14.3	27.9	4.4	21.88	0.0
27	2014	7	208	18.7	28.1	5.7	25.91	0.0
28	2014	7	209	17.1	25.6	3.5	13.06	7.0
29	2014	7	210	14.6	22.8	4.0	16.28	0.5
30	2014	7	211	16.5	25.7	4.3	18.59	0.0
31	2014	7	212	14.1	27.9	5.1	26.54	0.0
1	2014	8	213	14.4	28.5	3.9	18.84	10.0
2	2014	8	214	17.9	26.7	4.0	18.6	0.5
3	2014	8	215	15.1	28.4	4.6	23.42	3.0
4	2014	8	216	17.7	23.9	3.0	13.71	5.0
5	2014	8	217	17.5	26.4	5.3	26.15	0.0
6	2014	8	218	13.1	27.3	4.3	21.9	0.0
7	2014	8	219	17.4	28.4	3.7	16.61	0.0
8	2014	8	220	16.9	31.7	5.1	22.01	13.5
9	2014	8	221	17.1	26.9	4.0	17.81	0.0
10	2014	8	222	19.7	30.7	5.3	21.87	4.0
11	2014	8	223	18.2	23.0	3.7	14.85	0.0
12	2014	8	224	15.5	24.9	3.8	19.27	5.5
13	2014	8	225	16.2	22.6	4.5	20.09	0.5
14	2014	8	226	14.6	24.3	4.3	18.92	0.0
15	2014	8	227	14.2	21.7	3.2	14.45	2.0
16	2014	8	228	13.1	23.3	4.0	19.86	0.0
17	2014	8	229	9.9	26.2	4.3	26.11	0.0
18	2014	8	230	10.8	26.7	3.9	21.68	1.5
19	2014	8	231	16.8	22.2	2.9	10.4	0.0
20	2014	8	232	11.9	21.4	3.0	14.49	0.0
21	2014	8	233	12.3	24.2	4.0	21.93	0.0
22	2014	8	234	12.0	21.7	2.0	9.27	3.0
23	2014	8	235	14.7	23.4	4.1	20.13	0.0
24	2014	8	236	12.9	24.7	4.1	23.38	0.0
25	2014	8	237	14.4	30.0	4.5	21.75	0.0
26	2014	8	238	16.5	25.8	3.8	18.64	12.5
27	2014	8	239	18.4	26.5	3.5	15.71	1.0
28	2014	8	240	14.2	30.5	4.3	22.96	0.0
29	2014	8	241	17.9	23.1	2.3	8.52	0.5
30	2014	8	242	18.4	26.0	3.5	15.25	0.0
31	2014	8	243	15.6	26.6	4.7	23.21	0.0
1	2014	9	244	14.4	26.2	4.5	23.56	0.0
2	2014	9	245	11.4	26.7	4.1	23.47	0.0
3	2014	9	246	9.9	28.6	4.0	23.44	0.0
4	2014	9	247	12.7	27.0	3.1	15.83	2.0
5	2014	9	248	17.6	27.0	3.8	19.25	0.0
6	2014	9	249	13.2	29.0	3.5	18.81	2.0
7	2014	9	250	15.4	32.1	4.6	20.74	1.0
8	2014	9	251	18.7	25.9	2.9	12.76	0.0
9	2014	9	252	14.6	29.2	3.5	18.55	0.0
10	2014	9	253	14.6	30.4	3.9	21.1	0.0
11	2014	9	254	13.7	29.7	4.2	21.16	0.0
12	2014	9	255	14.4	27.5	4.1	21.21	0.5
13	2014	9	256	9.3	27.6	3.5	21.58	0.0
14	2014	9	257	10.1	28.2	2.9	15.02	0.0
15	2014	9	258	14.9	27.2	3.0	14.49	0.0
16	2014	9	259	17.0	26.1	3.9	16.38	1.5
17	2014	9	260	16.2	28.2	3.9	18.67	0.0
18	2014	9	261	18.8	27.1	3.9	15.4	0.0
19	2014	9	262	20.8	29.5	4.5	16.88	1.5
20	2014	9	263	16.2	30.5	3.6	17.52	1.5
21	2014	9	264	15.8	26.6	3.1	17.14	0.0
22	2014	9	265	13.2	24.6	2.4	12.27	0.0
23	2014	9	266	11.0	21.1	2.2	11.16	0.0
24	2014	9	267	13.8	21.9	2.9	11.93	0.0
25	2014	9	268	10.9	22.0	2.7	15.62	0.0
26	2014	9	269	7.0	23.2	2.5	18.29	0.0
27	2014	9	270	6.4	25.9	2.9	18.4	0.0
28	2014	9	271	16.1	26.1	3.0	12.2	3.0
29	2014	9	272	17.5	25.6	2.8	13.96	1.5
30	2014	9	273	18.2	23.5	2.0	8.49	7.5
1	2014	10	274	17.3	23.2	2.1	9.82	0.0
2	2014	10	275	10.8	24.9	2.3	16.36	0.5
3	2014	10	276	9.6	25.8	2.3	16.58	0.0
4	2014	10	277	9.6	26.4	2.4	15.33	0.0
5	2014	10	278	12.2	19.1	2.6	16.11	0.0
6	2014	10	279	6.5	22.1	2.1	15.07	0.5
7	2014	10	280	13.5	24.3	2.2	12.47	0.0
8	2014	10	281	16.5	27.7	3.7	15.94	0.0
9	2014	10	282	17.7	26.6	2.6	9.2	14.5
10	2014	10	283	16.1	20.2	1.1	4.77	0.0
11	2014	10	284	12.3	24.3	2.1	12.07	0.0
12	2014	10	285	18.0	27.3	3.8	13.64	0.0
13	2014	10	286	10.1	23.3	2.0	14.87	0.0
14	2014	10	287	10.0	23.2	1.7	11.73	0.5
15	2014	10	288	11.4	23.3	1.7	10.6	0.5
16	2014	10	289	14.6	26.5	2.5	12.57	0.0
17	2014	10	290	13.4	27.3	2.6	14.19	0.5
18	2014	10	291	15.8	24.1	2.5	12.19	0.0
19	2014	10	292	17.8	26.3	3.2	12.48	0.0
20	2014	10	293	18.0	27.5	2.6	12.04	0.0
21	2014	10	294	16.2	24.2	3.0	10.9	0.0
22	2014	10	295	10.2	16.6	2.4	13.68	0.0
23	2014	10	296	5.1	17.6	1.3	13.49	0.0
24	2014	10	297	4.2	21.5	1.3	12.35	0.0
25	2014	10	298	7.3	22.0	1.3	11.32	0.0
26	2014	10	299	7.0	23.4	1.3	12.55	0.0
27	2014	10	300	7.0	21.4	1.5	12.36	0.0
28	2014	10	301	14.2	21.7	2.5	12.42	0.0
29	2014	10	302	8.1	22.0	1.4	12.08	0.5
30	2014	10	303	6.1	23.4	1.3	11.79	0.0
31	2014	10	304	7.7	22.4	1.6	11.79	0.0
1	2014	11	305	13.5	22.2	1.9	11.06	0.0
2	2014	11	306	12.3	22.0	1.5	9.9	0.0
3	2014	11	307	12.5	22.6	1.6	7.84	1.5
4	2014	11	308	9.3	11.6	0.4	1.87	5.5
5	2014	11	309	6.6	13.7	0.9	5.83	5.0
6	2014	11	310	4.3	14.2	0.7	8.5	0.5
7	2014	11	311	4.0	14.3	0.6	3.92	1.5
8	2014	11	312	4.2	16.4	0.6	8.27	0.0
9	2014	11	313	3.8	11.7	0.4	2.81	1.0
10	2014	11	314	4.1	15.3	0.6	10.34	0.5
11	2014	11	315	4.0	16.5	0.9	6.11	0.0
12	2014	11	316	4.2	16.7	0.6	9.24	0.0
13	2014	11	317	3.2	19.2	1.1	9.49	0.0
14	2014	11	318	11.2	17.3	1.2	2.69	7.5
15	2014	11	319	6.5	15.0	0.5	6.36	1.5
16	2014	11	320	5.8	14.3	0.7	4.64	18.5
17	2014	11	321	7.5	12.2	0.8	5.18	1.5
18	2014	11	322	9.0	16.2	0.8	7.26	1.0
19	2014	11	323	3.3	16.8	0.5	9.08	0.0
20	2014	11	324	9.1	16.6	1.1	9.25	0.0
21	2014	11	325	13.4	18.6	1.2	8.4	0.0
22	2014	11	326	15.2	19.4	1.6	4.44	0.0
23	2014	11	327	16.3	19.1	1.9	4.53	0.0
24	2014	11	328	15.6	18.8	1.2	3.72	0.0
25	2014	11	329	13.2	16.0	0.4	1.94	0.0
26	2014	11	330	12.1	16.2	0.5	2.94	15.5
27	2014	11	331	11.4	16.3	0.9	6.32	0.5
28	2014	11	332	13.8	19.7	2.5	6.55	0.0
29	2014	11	333	16.1	18.4	2.1	2.38	7.5
30	2014	11	334	12.5	15.0	0.2	1.21	9.5
1	2014	12	335	5.5	8.4	0.1	0.77	0.0
2	2014	12	336	4.0	6.5	0.3	0.66	1.0
3	2014	12	337	3.8	6.2	0.4	1.55	0.0
4	2014	12	338	4.2	7.0	0.3	3.93	0.0
5	2014	12	339	1.3	10.1	0.2	4.99	2.5
6	2014	12	340	4.9	5.6	0.5	1.28	4.0
7	2014	12	341	4.4	8.8	0.7	6.41	0.0
8	2014	12	342	5.3	11.6	0.6	3.49	3.5
9	2014	12	343	2.3	7.2	0.7	5.2	0.0
10	2014	12	344	-0.1	11.8	0.4	3.48	3.0
11	2014	12	345	9.4	12.4	0.7	3.38	1.0
12	2014	12	346	1.8	12.3	0.3	5.74	0.0
13	2014	12	347	8.0	12.0	0.6	2.44	0.5
14	2014	12	348	4.0	11.1	0.1	3.21	0.0
15	2014	12	349	6.5	9.1	0.2	0.84	0.0
16	2014	12	350	3.4	10.5	0.3	3.66	0.0
17	2014	12	351	8.5	12.3	0.5	1.62	10.5
18	2014	12	352	10.2	12.9	0.4	1.6	4.5
19	2014	12	353	10.2	11.9	0.5	2.38	0.5
20	2014	12	354	10.1	13.1	1.0	3.89	1.0
21	2014	12	355	3.8	10.7	0.1	7.55	0.0
22	2014	12	356	-1.9	9.5	0.0	7.11	0.0
23	2014	12	357	-0.7	11.9	0.1	5.02	0.5
24	2014	12	358	1.1	4.9	0.1	3.23	0.0
25	2014	12	359	1.6	14.0	0.4	4.76	0.0
26	2014	12	360	6.0	10.8	0.4	5.82	1.0
27	2014	12	361	6.5	11.0	0.4	0.82	20.5
28	2014	12	362	2.8	5.3	1.1	2.28	0.0
29	2014	12	363	-2.3	2.7	0.4	7.76	0.0
30	2014	12	364	-0.3	5.2	0.3	6.63	0.0
31	2014	12	365	-3.2	4.7	0.0	8.43	0.5
